gt_x_m	gt_y_m	pred_x_m	pred_y_m	true_area
4.1847157	-0.6873778	3.8128045	-0.48098576	A
1.9307448	-0.43729675	1.5442294	0.027143955	A
-0.02241072	-0.24472797	-0.6123735	-0.7572448	A
4.242417	-0.59969234	4.269379	-1.603606	A
1.7574484	-0.4618894	1.401861	-0.33179677	A
1.210027	-0.29757273	0.6387096	-0.64803267	A
4.3504033	-0.5816721	3.552958	-0.89391494	A
0.07718532	-0.0029568672	0.32053375	0.05017805	A
2.6310983	-0.42209613	1.9535981	-0.5334306	A
1.7207485	-0.47681332	0.53816503	-0.52292466	A
0.19883133	-0.019297838	0.05571404	-0.078107595	A
2.937295	-0.6315862	2.9683204	-0.5253587	A
0.69077206	-0.21370792	0.77658105	0.06452322	A
-0.17149381	-0.1946317	-0.3458495	-0.46395874	A
4.228621	-0.5529009	3.7650313	-1.1080657	A
4.2039313	-0.65901697	3.727517	-0.7798871	A
0.86495394	-0.21016347	-0.3681028	-0.80970097	A
0.95444363	-0.32556403	1.1675345	-0.079821825	A
4.184459	-0.6875433	3.900916	-0.7078203	A
2.1815016	-0.46905434	1.4720254	-0.17301035	A
3.2036853	-0.4420153	2.4187384	-1.3595701	A
0.32428724	-0.05205798	0.16275482	-0.16946161	A
4.349772	-0.58204293	4.4537807	-0.37883258	A
4.3501387	-0.5810671	3.892191	-1.0888929	A
0.8272806	-0.13587093	0.3300627	-0.25504255	A
4.3500047	-0.5810064	3.084459	-1.0635053	A
0.74032974	-0.4055978	0.96321076	-0.3361349	A
3.7799687	-0.48689866	3.5710788	-1.0216135	A
0.91676635	-0.30950522	1.0680182	-0.0035369396	A
2.8352334	-0.4388852	2.6941278	-1.0122753	A
2.4540687	-0.5263715	2.5377781	-0.6211605	A
4.35003	-0.58102536	3.6237504	-0.85259867	A
2.5486994	-0.41988444	1.9427787	-0.53397536	A
2.9082243	-0.53485775	3.124396	-0.8887174	A
3.6566412	-0.47532976	3.7294936	-1.1520883	A
4.349732	-0.58204865	3.9894772	-0.45872283	A
1.1086103	-0.4535215	0.9164782	-0.44860327	A
1.6748793	-0.3100251	1.3516608	-0.62287223	A
2.6305733	-0.44787288	2.4300237	-0.61026835	A
4.2423353	-0.5996698	3.0482593	-1.0293978	A
-0.17156847	-0.19466507	-0.34847176	-0.49544477	A
-0.022402063	-0.24472773	-0.4385441	-0.7585056	A
2.262962	-0.46506226	1.3332977	-0.06502867	A
-1.4901161e-08	0.0	-0.48683178	-0.33000314	A
4.242429	-0.60010254	3.2575173	-1.1647311	A
1.2471788	-0.44683456	1.2237555	-0.79215693	A
-1.4901161e-08	0.0	0.44870454	0.7595389	A
4.350017	-0.5810139	3.6787899	-0.72468495	A
2.1661222	-0.51629305	2.2219455	-0.7544466	A
1.2881306	-0.45960152	1.5445806	-0.4868822	A
0.3380406	-0.31465805	0.14461546	-0.46824598	A
4.668492	-0.069601536	4.0252147	0.12844586	A
4.2961335	-0.08154011	3.5425882	-0.8091656	A
3.6206057	-0.15137184	3.6163685	-0.5446768	A
2.3306663	-0.52371716	2.9174278	-0.54043174	A
1.436754	-0.3846618	1.2400626	-0.80006075	A
0.20128848	-0.020307064	0.15434574	-0.12508178	A
2.1251535	-0.5116446	1.925641	-0.5088041	A
3.3688676	-0.4520942	3.1295848	-1.2488797	A
3.75517	-0.6709969	3.3492591	-0.58856976	A
4.1806493	-0.6875843	3.9990506	-0.6756655	A
0.5540929	-0.046218395	0.28344828	0.1591196	A
0.2390439	-0.026754856	0.56931984	0.12880802	A
3.5267355	-0.48091877	3.5261056	-0.9644643	A
2.3096983	-0.26480162	2.0801692	-1.1463435	A
-1.4901161e-08	0.0	-0.25867677	0.050025225	A
2.816843	-0.22424746	2.5083387	-0.7086066	A
1.2173046	-0.43622732	1.2627023	-0.7906666	A
4.061834	-0.56279135	3.7884576	-1.4040154	A
-0.022402063	-0.24472773	-0.8047659	-0.85975397	A
1.3189472	-0.34891903	2.0873456	-1.0029314	A
0.39284992	-0.010646582	-0.14905672	-0.05803895	A
-1.4901161e-08	0.0	-0.38622323	-0.12106693	A
4.184514	-0.6875173	3.7412293	-1.105065	A
2.3853338	-0.4591745	1.3608853	-0.10345864	A
4.3503375	-0.5815064	4.262096	-1.1785624	A
4.2424426	-0.59973645	4.207382	-1.624471	A
1.0020612	-0.25660622	0.4566434	-0.23643911	A
-0.17149381	-0.1946317	-0.2986207	-0.44135427	A
-1.4901161e-08	0.0	1.1632183	1.1912911	A
4.3503804	-0.58176756	3.6847656	-0.8295016	A
2.0844524	-0.5065254	1.7582959	-0.404855	A
3.6508777	-0.5440345	3.8156686	-0.14623117	A
3.3052943	-0.6505022	3.494002	-0.06673741	A
-1.4901161e-08	0.0	-0.28574517	-0.0678463	A
1.4763466	-0.3963951	1.4735918	-0.37559092	A
4.090993	-0.5646359	3.8106027	-0.9321096	A
1.1683449	-0.29129982	0.8014969	-0.6154188	A
8.47915	1.6636636	8.1549425	0.89110565	B
3.7812116	17.733318	3.629214	17.445198	B
7.165823	9.793222	7.0424547	9.51514	B
7.9444423	6.6488667	7.311904	5.2387757	B
7.9849334	-1.9964566	7.6264896	-0.32132924	B
7.3962183	6.0926495	7.153118	6.5396013	B
6.8143125	9.015929	6.8616486	8.294005	B
7.857161	2.5375938	7.7410817	2.1237063	B
4.534492	15.981402	4.294294	15.874946	B
7.9837947	-1.7093279	7.725915	-0.45305276	B
7.38093	6.212699	7.112825	6.500346	B
6.9470696	10.323767	6.901607	10.1939335	B
6.467084	10.5523615	6.6405025	10.793876	B
6.5647907	11.231021	6.724921	10.683044	B
3.484934	17.606274	3.683982	17.162067	B
5.8133693	12.841811	6.113422	12.035781	B
7.981649	-1.4222171	7.593452	-1.0991296	B
5.251584	14.445607	5.3280697	13.978007	B
6.115457	12.377219	6.395377	11.56236	B
5.769013	13.064536	5.9153905	12.751673	B
4.49239	15.634965	4.4021792	15.575259	B
4.0755982	17.058113	4.0219607	16.480358	B
7.4364157	5.772069	7.285114	5.3497972	B
7.6783366	4.5851965	7.7171583	3.8596282	B
5.883663	12.652668	6.360345	11.549399	B
7.98325	-1.5351046	7.576547	-0.742056	B
7.9849496	-1.9795487	7.68864	-0.8654649	B
7.716649	7.9458323	7.628768	8.069997	B
8.454837	1.5858438	8.52009	1.7435966	B
3.9630618	16.699871	4.287485	16.316772	B
7.9839215	-1.6565777	7.5959654	-0.98750734	B
6.553862	10.199279	6.6593623	10.70169	B
5.6296954	13.419154	5.506671	13.25276	B
3.5848835	17.427647	3.7908256	17.055847	B
8.189512	1.0309663	7.594224	0.09285045	B
4.600076	15.4138	4.707879	14.999822	B
8.032365	0.28044224	7.744479	1.2083867	B
8.541241	2.9708443	7.917813	2.1270742	B
4.5821457	15.450795	4.547407	15.44086	B
6.8184447	10.625825	6.7284455	10.370027	B
7.6340055	8.263516	7.4458303	8.875707	B
7.490636	5.4947624	7.2831497	5.186684	B
3.797521	17.69629	3.712083	17.318253	B
6.034331	12.192649	6.498752	11.465681	B
5.691538	13.226819	5.7946916	12.871111	B
3.3091314	18.785923	3.3740308	18.178757	B
4.329776	15.966287	4.3297334	16.006638	B
5.8353415	12.961451	6.0896287	12.319828	B
2.8530843	18.654129	2.991775	18.717781	B
7.9755864	-0.8092413	7.478369	-0.8789073	B
6.402575	11.652056	6.6510997	10.911172	B
7.515684	5.3764167	7.2577534	5.39067	B
6.6086154	11.115835	6.7202744	10.5259	B
6.2575583	11.374249	6.5444217	11.326466	B
7.6862135	4.5456166	7.739244	3.6181302	B
7.984732	-1.8581065	7.7216635	-0.55273867	B
7.8160753	3.263298	7.6080055	3.6635542	B
5.531252	13.495959	6.11852	12.002737	B
4.689268	15.22923	4.885903	14.69473	B
4.8840613	14.822211	5.04711	14.391345	B
2.8530843	18.654129	3.0513186	18.586826	B
6.023467	12.231383	6.541068	11.516881	B
7.665245	8.144315	7.6176915	7.8564854	B
7.9244685	1.2079394	7.7489696	1.136123	B
5.206014	14.557952	5.264731	14.130952	B
4.1869755	16.798466	3.9747906	16.531895	B
7.2565465	7.1331425	7.1710434	7.847415	B
6.6346917	9.844731	6.765804	10.060516	B
7.9763694	-0.9709574	7.4204316	-0.3872794	B
7.186845	7.6131887	7.1233225	8.424103	B
4.3917527	16.315216	4.184115	16.224304	B
7.985	-2.12	7.6627645	-0.55162513	B
7.662489	4.6644363	7.7316337	3.8136592	B
5.642015	13.380875	5.6730266	12.946116	B
7.972503	-0.6075759	7.513485	-1.3544543	B
6.2826915	11.957755	6.428826	11.366538	B
6.5442824	10.238618	6.7056293	10.480161	B
7.985	-2.12	7.806161	-0.9087677	B
4.0115533	17.20628	3.8093698	16.94291	B
5.143678	14.706777	5.1685705	14.285483	B
3.3091345	18.785915	3.3428097	18.257935	B
4.485264	16.091915	4.339862	15.778363	B
8.280231	1.2146342	7.5944667	0.16895676	B
7.506907	8.739111	7.458382	8.074759	B
7.949019	0.4417956	7.685049	-0.23263872	B
7.6223693	4.8622026	7.606669	4.6770554	B
7.925904	1.1676173	7.74209	0.83820343	B
7.9842324	-1.736942	7.673678	-0.2295512	B
3.6173363	18.10289	3.3118799	18.201664	B
8.545483	2.2326837	8.190699	1.7194388	B
7.9512916	0.36117768	7.684039	0.02640152	B
5.2493196	14.042598	5.135238	14.338279	B
3.7209678	17.175068	3.9676886	16.731464	B
6.1849966	11.647491	6.5282655	11.181306	B
4.055431	16.516823	4.1810403	16.5029	B
8.220419	5.4081664	7.3224287	6.51766	B
7.336983	9.287924	7.443167	8.811886	B
3.6240747	17.355396	3.770685	17.091614	B
3.5855625	18.174053	3.3379316	18.132282	B
3.6996613	17.917885	3.830958	16.998161	B
7.985	-2.12	7.720164	-0.9305079	B
5.3765163	13.785281	5.586922	12.80189	B
8.504025	3.4601426	7.9226613	2.8961601	B
4.147208	16.33377	4.3880653	15.970386	B
7.9759555	-0.8888613	7.4365344	-0.30874932	B
5.1118274	14.781091	5.0258856	14.443696	B
3.3091516	18.785877	3.3049684	18.32402	B
3.9059472	17.44899	3.8049545	17.071396	B
2.9353034	18.5201	3.2821405	18.117619	B
5.357134	13.821278	5.205262	13.696481	B
7.290085	6.8933973	7.0852733	7.970479	B
7.7760587	4.0288267	7.7550077	3.8102202	B
7.113348	8.010005	7.033207	8.431545	B
7.078487	8.168077	7.103107	8.884023	B
3.4875777	18.39233	3.320494	18.13068	B
8.072556	6.131322	7.5084696	6.8944826	B
7.9343066	0.92555475	7.820512	0.7535825	B
7.854366	7.174305	7.3497744	5.541119	B
8.027431	0.034709215	7.626373	0.37478662	B
6.437598	10.670096	6.630893	10.940082	B
8.537471	2.0276127	8.270192	2.2650824	B
8.367623	4.3935285	7.7843447	4.0588126	B
7.854547	2.5781221	7.7300224	2.2475958	B
8.121023	5.931778	7.5038857	6.569027	B
11.601613	31.19503	11.774074	31.387321	C
7.960836	24.42833	8.200292	24.74376	C
8.084644	27.811867	8.123645	27.159615	C
7.934851	26.651009	8.461236	26.406322	C
8.203294	27.202988	8.4894495	27.062645	C
7.836391	27.716816	8.123934	28.23122	C
10.390083	30.85896	10.786306	31.675678	C
11.2260475	31.080269	11.349375	31.746601	C
10.551752	30.89117	11.011052	31.230743	C
7.934014	30.124172	8.2639885	28.723942	C
11.447676	31.148949	11.391801	31.089233	C
7.819402	29.307796	7.99665	29.3558	C
11.447676	31.148949	11.497621	31.209694	C
9.945055	30.772652	10.311846	31.093819	C
9.060127	30.65023	9.336241	31.214668	C
7.97417	29.592644	8.206634	28.582928	C
9.722318	30.870842	10.329694	31.170708	C
7.809706	29.690079	7.711358	29.895523	C
7.9095283	29.492508	8.275646	28.95311	C
8.879646	30.464363	9.336945	30.320229	C
7.996018	22.784267	8.200943	23.090782	C
8.42907	24.905735	8.246455	25.007133	C
11.447676	31.148949	11.724351	31.514488	C
11.601613	31.19503	11.5543165	31.079376	C
8.266486	26.710522	8.603578	25.864277	C
8.297082	26.464306	8.523429	25.895298	C
7.920035	26.93874	8.479151	26.01373	C
8.357807	25.847183	7.878823	25.502972	C
8.00477	23.072289	8.166375	22.91277	C
8.695932	30.373611	8.746623	29.497883	C
8.417875	24.699223	8.13985	25.37849	C
8.232872	30.462334	8.297944	29.968243	C
9.985442	30.780323	10.3486395	31.14367	C
8.092925	27.771332	8.120199	26.966358	C
10.910252	30.985771	11.477941	31.659779	C
8.5035715	30.219936	8.735072	29.362038	C
8.011577	23.319107	8.171533	23.510708	C
8.117583	27.649555	8.055008	27.480736	C
10.11205	31.009087	10.743528	31.729557	C
10.27224	31.05045	10.642115	31.294605	C
10.034929	30.979301	10.314573	30.79256	C
7.985	21.649998	8.112079	21.636223	C
8.841567	30.448421	9.297309	30.070786	C
7.8881335	28.908646	7.8211784	29.1433	C
7.848846	29.237438	7.778408	29.014874	C
11.601613	31.19503	11.742845	31.352707	C
8.031526	23.091972	8.198596	23.307373	C
7.7903056	28.114857	8.09094	27.670559	C
8.304178	24.00668	8.266636	24.1628	C
9.458568	30.752129	9.244738	29.445297	C
10.989168	31.009285	11.383611	31.741795	C
8.067703	23.253708	8.191964	23.2981	C
9.344001	30.7042	9.653324	30.908112	C
7.8270507	27.798649	7.955649	27.549187	C
11.009175	31.106178	11.240031	30.189121	C
7.897119	30.05	8.141911	28.7155	C
11.601613	31.19503	11.430135	30.952438	C
8.125772	27.609142	8.0559435	27.264866	C
10.312725	31.058357	10.602725	30.664814	C
8.109362	27.690292	8.078015	27.394417	C
8.474912	30.190208	8.74562	29.591076	C
7.985	21.649998	8.048636	21.793755	C
7.753478	28.419533	8.023001	28.041069	C
21.370495	31.5746	21.111792	31.22892	D
26.68389	32.921875	26.751392	33.691677	D
26.949934	32.82058	27.163013	33.835953	D
24.810968	32.3572	25.305193	33.165573	D
24.346432	32.199085	24.704388	32.78919	D
21.433655	31.664501	22.010208	32.160084	D
20.684734	31.450134	21.19581	31.733292	D
19.241009	31.133778	19.099333	31.15694	D
19.968279	31.27267	19.732391	31.175682	D
23.851473	32.129093	24.268044	32.74533	D
23.49503	32.02658	22.480549	32.34246	D
19.634457	31.212166	19.236029	30.78049	D
20.56922	31.409237	21.53311	31.790943	D
15.140761	30.464157	15.61636	31.06683	D
19.119757	31.111183	19.031452	31.165562	D
21.113543	31.593681	21.643263	32.034374	D
12.960264	30.250671	12.758092	30.43819	D
15.059472	30.452934	15.541235	31.226501	D
13.834324	30.296398	13.037496	29.949112	D
21.246897	31.550152	21.413069	32.10235	D
20.371721	31.352482	21.29294	31.245163	D
24.21076	32.217285	24.681774	31.937874	D
18.553204	31.007832	19.09272	31.694359	D
16.402967	30.648655	16.441029	31.08083	D
12.684999	30.25	12.42506	30.828129	D
16.76875	30.705894	16.64184	31.451912	D
20.276295	31.361126	20.864584	31.60498	D
19.794498	31.250477	19.640545	31.261662	D
16.0701	30.58485	15.851617	30.147457	D
21.937471	31.688934	21.677927	31.140186	D
19.64523	31.210205	19.271414	30.771927	D
23.811905	32.11767	24.256536	32.878975	D
19.15292	31.099083	19.152536	31.194294	D
26.701754	32.7931	27.377033	34.031364	D
17.89736	30.866673	17.772203	31.025448	D
24.748785	32.280785	24.771484	33.029778	D
27.543152	33.209465	27.398396	33.745564	D
26.079243	32.72652	26.443596	33.86072	D
12.690564	30.25	12.59335	30.056274	D
25.291138	32.484325	26.238401	34.189896	D
24.144735	32.15885	24.196539	32.644512	D
26.526928	32.870678	26.930058	33.96842	D
15.947913	30.567253	16.372526	30.854824	D
12.890534	30.250526	12.2884245	30.328533	D
27.77685	33.289948	27.74234	34.2154	D
22.81192	31.872768	23.015697	32.43667	D
20.235832	31.353092	20.694897	31.548592	D
15.53984	30.509903	16.000076	31.157654	D
24.467327	32.22341	24.990377	33.09618	D
27.955896	33.367336	28.406462	34.562504	D
15.9148855	30.574741	16.20589	30.69751	D
20.356928	31.377262	20.536983	31.368305	D
16.844688	30.699768	16.601622	31.136845	D
26.683609	32.7869	26.33398	33.54966	D
25.646791	32.5904	25.270216	33.136463	D
27.955896	33.367336	28.152525	34.658337	D
18.262823	30.930042	18.024424	31.314732	D
16.72819	30.69949	16.784355	31.50777	D
27.73789	33.27643	27.57725	34.064503	D
17.775589	30.84653	16.902243	31.118084	D
13.916066	30.30616	13.42959	30.635876	D
14.314526	30.346062	13.772665	30.308838	D
15.009041	30.438328	15.147233	30.723114	D
19.8748	31.269676	19.696655	31.242085	D
18.10795	30.928974	18.310005	31.25185	D
18.343952	30.944244	18.193718	31.229412	D
18.181602	30.91581	18.002659	31.46978	D
16.681547	30.67508	16.814749	31.528038	D
21.69125	31.638794	21.649864	31.490215	D
25.843576	32.65199	25.698044	32.968697	D
18.830507	31.03143	19.081049	31.28975	D
24.785856	32.28837	24.889284	33.138714	D
20.843765	31.471733	20.769733	31.927376	D
17.25618	30.784672	16.79784	31.531929	D
13.248895	30.252625	13.019453	30.323727	D
13.439625	30.25829	13.269612	30.057682	D
23.134935	31.964779	23.125425	32.63581	D
14.28377	30.351254	14.732035	31.160278	D
20.074757	31.318127	20.56037	31.678509	D
19.685543	31.217964	19.38969	30.85952	D
28.63318	34.947105	28.470537	35.36579	E
28.602577	34.573902	28.58778	35.754547	E
28.23716	32.339813	27.983389	32.51045	E
28.404173	32.29288	28.150042	33.63342	E
28.643276	35.11348	28.188782	35.65527	E
28.629879	34.905582	27.276228	33.480362	E
28.582613	36.44018	27.940203	36.1387	E
27.237549	39.45588	26.992195	39.38602	E
27.84098	38.95717	27.661032	39.157413	E
28.448574	31.373283	28.194	32.797306	E
28.124115	33.623455	28.099174	33.719505	E
28.212904	37.931965	28.294407	38.56037	E
28.261951	32.008274	28.091091	32.81142	E
28.237606	32.758026	28.570948	34.086216	E
28.395058	31.260952	27.927328	32.39051	E
27.71547	36.959545	27.791908	37.649693	E
27.992586	38.46906	28.189737	38.8692	E
28.10159	38.20107	28.357828	39.01778	E
28.31717	30.652042	27.86235	31.832355	E
27.522358	38.2325	27.65822	38.483643	E
27.923347	35.56195	27.823576	35.077396	E
27.676535	39.601192	27.159252	39.652042	E
28.128193	33.582195	28.039507	33.74531	E
27.550297	38.026356	27.585768	37.941387	E
28.3195	31.023697	27.797863	32.338	E
28.331974	30.528812	27.973822	31.69231	E
28.494394	36.846214	27.931412	37.924824	E
28.643892	35.404747	28.354826	35.887707	E
27.247232	39.430706	27.414513	41.618015	E
28.318874	31.137032	28.078194	31.943348	E
28.335001	30.255833	28.319933	31.300217	E
27.713903	39.438942	27.448938	39.536137	E
28.335001	30.25	28.441292	31.534588	E
28.495527	34.004467	27.310144	34.03714	E
28.50535	31.529697	28.31635	31.950977	E
28.279507	33.295757	27.551432	32.873405	E
28.358446	33.702477	27.899511	33.373665	E
28.031631	34.491795	28.134912	34.86327	E
27.791252	39.115818	26.812485	38.266613	E
28.334866	30.343876	28.222157	31.347366	E
27.473639	40.097538	27.530928	40.198536	E
28.307419	30.941368	28.433672	33.312943	E
28.144302	33.41616	28.06909	33.350266	E
28.368694	37.371845	27.899893	37.692368	E
27.323656	39.081364	27.458588	39.18196	E
27.777538	36.59043	28.264732	37.071102	E
28.322971	30.610954	28.028767	32.039406	E
27.544827	38.06749	27.633148	37.937336	E
27.902708	38.75898	27.88708	37.52986	E
27.431314	38.637264	27.428484	38.70094	E
28.207167	32.71248	28.029158	32.672924	E
28.13632	33.49922	28.105856	33.529694	E
27.498919	40.04347	27.622648	38.849113	E
28.576923	34.326412	28.206884	34.86651	E
28.309326	37.614502	27.92166	38.143852	E
